 254  215 
 254  215 
 254  211 
 258  211 
 258  207 
 262  207 
 266  203 
 270  203 
 254  211 
 254  211 
 254  215 
 254  215 
 250  219 
 250  219 
 250  223 
 250  227 
 246  231 
 246  231 
 242  231 
 242  235 
 242  239 
 242  239 
 242  243 
 242  247 
 246  247 
 250  251 
 250  255 
 250  259 
 250  263 
 250  267 
 250  271 
 246  275 
 246  279 
 246  283 
 242  287 
 242  291 
 246  295 
 246  299 
 250  303 
 250  307 
 254  311 
 258  315 
 258  315 
 258  315 
 258  315 
 258  315 
 254  315 
 254  315 
 254  315 
 254  311 
 254  311 
 250  311 
 250  307 
 250  307 
 250  307 
 250  303 
 250  303 
 250  299 
 250  299 
 250  295 
 250  295 
 246  299 
 246  295 
 246  291 
 282  287 
 282  279 
 282  275 
 282  271 
 286  267 
 286  263 
 282  255 
 282  251 
 278  243 
 274  235 
 274  227 
 278  223 
 278  215 
 278  207 
 278  199 
 278  195 
 282  187 
 282  183 
 278  179 
 274  175 
 274  171 
 274  163 
 274  159 
 270  155 
 270  155 
 274  151 
 274  147 
 270  147 
 270  147 
 262  143 
 258  143 
 258  139 
 258  139 
 258  139 
 258  139 
 258  139 
 258  143 
 258  143 
 258  143 
 254  143 
 250  147 
 250  147 
 246  151 
 246  151 
 246  155 
 250  159 
 250  163 
 246  167 
 246  171 
 242  175 
 238  179 
 234  183 
 234  183 
 234  187 
 234  191 
 234  195 
 234  199 
 234  203 
 234  207 
 230  211 
 230  211 
 226  215 
 226  215 
 226  219 
 226  223 
 226  223 
 226  227 
 226  231 
 226  231 
 222  235 
 222  235 
 218  235 
 214  239 
 214  239 
 214  239 
 214  243 
 214  243 
 218  243 
 214  247 
 214  247 
 210  247 
 210  247 
 206  251 
 206  251 
 206  251 
 206  255 
 210  255 
 210  259 
 210  263 
 210  263 
 210  267 
 210  267 
 206  271 
 206  271 
 206  275 
 206  275 
 206  275 
 206  279 
 206  279 
 202  279 
 202  283 
 198  287 
 198  287 
 198  291 
 198  291 
 198  295 
 202  299 
 202  299 
 202  303 
 202  303 
 202  303 
 202  307 
 198  307 
 198  307 
 198  307 
 198  307 
 198  307 
 198  303 
 198  303 
 198  303 
 194  303 
 194  303 
 194  303 
 194  303 
 194  303 
 194  303 
 198  303 
 198  303 
 202  303 
 202  303 
 202  303 
 202  303 
 202  299 
 202  299 
 202  299 
 202  299 
 202  299 
 202  303 
 202  303 
 202  303 
 202  303 
 202  303 
 206  307 
 210  307 
 210  307 
 210  307 
 210  307 
 210  303 
 210  303 
 210  303 
 210  299 
 210  299 
 210  299 
 210  299 
 210  299 
 210  299 
 214  299 
 214  299 
 218  295 
 222  295 
 222  295 
 222  291 
 222  291 
 226  291 
 226  287 
 226  287 
 222  283 
 222  283 
 222  279 
 222  279 
 222  275 
 222  275 
 226  271 
 226  271 
 230  267 
 230  267 
 234  263 
 234  263 
 234  259 
 234  259 
 234  255 
 234  255 
 234  251 
 234  247 
 234  247 
 234  247 
 230  243 
 234  243 
 234  239 
 234  239 
 234  239 
 234  239 
 238  235 
 238  235 
 242  231 
 242  231 
 242  231 
 242  227 
 242  223 
 242  223 
 242  223 
 242  223 
 238  219 
 238  219 
 238  219 
 238  215 
 234  215 
 238  215 
 238  215 
 238  215 
 242  215 
 242  215 
 242  215 
 242  215 
 238  215 
 238  215 
 238  215 
 238  215 
 238  215 
 238  215 
 238  215 
 242  215 
 242  215 
 242  215 
 242  215 
 238  215 
 238  215 
 238  215 
 238  215 
 238  215 
 242  215 
 242  215 
 246  215 
 246  211 
 246  211 
 250  211 
 250  207 
 250  203 
 254  203 
 254  199 
 254  195 
 254  191 
 254  191 
 254  187 
 254  187 
 254  183 
 254  179 
 254  175 
 254  171 
 258  171 
 258  167 
 258  167 
 258  167 
 262  163 
 262  163 
 262  163 
 262  159 
 262  159 
 262  159 
 262  155 
 262  155 
 262  155 
 262  155 
 262  155 
 262  155 
 262  155 
 262  155 
 262  155 
 262  155 
 262  155 
 266  159 
 266  159 
 266  159 
 266  163 
 266  163 
 266  163 
 266  163 
 266  167 
 266  167 
 266  167 
 266  167 
 266  167 
 266  167 
 266  167 
 270  167 
 270  167 
 270  167 
 270  167 
 270  167 
 270  163 
 270  163 
 270  163 
 270  163 
 270  163 
 270  163 
 270  163 
 270  163 
 270  163 
 270  163 
 270  163 
 270  163 
 270  163 
 270  163 
 270  163 
 270  163 
 270  163 
 270  163 
 270  167 
 270  167 
 270  167 
 270  167 
 270  167 
 274  167 
 274  167 
 274  171 
 274  171 
 274  171 
 274  171 
 274  171 
 274  171 
 274  171 
 274  175 
 278  175 
 278  175 
 278  175 
 278  175 
 278  175 
 278  175 
 278  175 
 278  175 
 278  175 
 282  175 
 282  175 
 282  175 
 282  175 
 282  175 
 282  175 
 282  175 
 282  175 
 278  175 
 278  179 
 278  179 
 278  179 
 278  179 
 278  179 
 278  183 
 278  183 
 278  183 
 278  183 
 278  187 
 278  187 
 278  187 
 278  187 
 278  187 
 278  187 
 278  187 
 278  187 
 278  187 
 278  191 
 278  191 
 278  191 
 278  191 
 278  191 
 278  191 
 278  195 
 278  195 
 278  195 
 278  199 
 278  199 
 278  199 
 278  203 
 278  203 
 278  207 
 278  207 
 278  207 
 278  211 
 278  211 
 278  215 
 278  215 
 278  219 
 278  219 
 278  223 
 278  223 
 278  227 
 278  227 
 278  231 
 274  231 
 274  235 
 274  239 
 274  239 
 278  243 
 278  243 
 282  247 
 282  251 
 282  255 
 286  259 
 286  263 
 286  267 
 282  275 
 282  279 
 282  287 
 282  291 
 282  299 
 282  303 
 278  311 
 278  315 
 278  323 
 278  331 
 274  335 
 274  343 
 274  347 
 278  351 
 278  359 
 278  363 
 278  371 
 278  375 
 278  383 
 278  391 
 278  403 
 278  411 
 282  415 
 282  423 
 282  427 
 282  431 
 282  435 
 278  439 
 278  443 
 278  439 
 274  439 
 270  439 
 266  439 
 262  435 
 258  435 
 258  431 
 258  427 
 254  423 
 254  419 
 250  415 
 246  415 
 242  411 
 242  407 
 238  403 
 238  399 
 238  399 
 238  395 
 238  395 
 238  391 
 238  391 
 238  387 
 238  387 
 238  387 
 238  383 
 238  383 
 234  383 
 234  379 
 230  379 
 230  375 
 230  375 
 230  371 
 226  371 
 226  371 
 226  371 
 226  371 
 230  371 
 230  371 
 230  367 
 230  367 
 230  367 
 230  367 
 226  363 
 226  363 
 226  363 
 226  363 
 226  363 
 226  359 
 226  359 
 226  359 
 226  355 
 226  355 
 230  355 
 230  355 
 230  355 
 230  351 
 230  351 
 230  351 
 230  351 
 230  347 
 230  347 
 230  347 
 226  347 
 226  343 
 226  343 
 222  343 
 222  343 
 222  339 
 222  339 
 222  339 
 226  339 
 226  339 
 226  339 
 226  339 
 226  335 
 226  335 
 226  331 
 230  331 
 226  327 
 226  323 
 226  323 
 226  323 
 226  323 
 222  323 
 222  323 
 222  323 
 222  323 
 222  323 
 222  323 
 222  323 
 226  323 
 226  323 
 226  323 
 226  323 
 226  323 
 226  323 
 226  323 
 222  319 
 222  319 
 218  319 
 218  319 
 214  319 
 214  319 
 214  319 
 214  319 
 214  323 
 214  323 
 218  323 
 218  323 
 218  327 
 218  327 
 214  331 
 210  331 
 210  335 
 210  339 
 210  339 
 210  343 
 210  343 
 214  347 
 214  347 
 210  351 
 210  351 
 210  355 
 210  355 
 210  359 
 210  359 
 210  359 
 210  363 
 210  363 
 206  359 
 202  359 
 198  355 
 198  355 
 198  355 
 190  351 
 190  351 
 190  351 
 190  351 
 190  351 
 194  351 
 194  351 
 198  351 
 198  351 
 202  351 
 206  351 
 210  351 
 210  351 
 210  351 
 210  351 
 210  351 
 210  355 
 210  355 
 210  355 
 210  355 
 210  355 
 214  355 
 214  355 
 218  355 
 222  355 
 222  355 
 222  355 
 226  355 
 226  355 
 230  359 
 230  359 
 234  359 
 238  359 
 242  359 
 246  359 
 250  359 
 254  363 
 254  363 
 258  363 
 258  363 
 258  363 
 262  363 
 262  363 
 266  363 
 266  363 
 266  363 
 266  363 
 266  363 
 266  363 
 266  367 
 266  367 
 262  367 
 262  367 
 262  367 
 262  367 
 262  367 
 262  371 
 262  371 
 262  371 
 262  371 
 262  371 
 262  371 
 258  371 
 258  371 
 258  371 
 254  371 
 254  371 
 254  371 
 254  371 
 254  367 
 254  367 
 254  367 
 254  367 
 254  367 
 254  367 
 254  367 
 254  367 
 254  367 
 254  363 
 254  363 
 254  363 
 254  363 
 254  363 
 254  363 
 254  363 
 254  363 
 258  363 
 258  363 
 258  363 
 258  363 
 258  363 
 254  359 
 254  359 
 254  355 
 250  355 
 250  351 
 250  351 
 246  347 
 242  343 
 242  343 
